[{"distance_predictions":[[0,1.2991708517074585,1.5950862169265747,2.669552803039551,2.9146087169647217,2.8258039951324463,1.6168397665023804,1.1218721866607666,3.1599111557006836,3.067471981048584,2.097734212875366,2.367141008377075,5.200662136077881,4.393687725067139,4.077775478363037,4.911844730377197,4.799532890319824,1.915884256362915],[1.2991708517074585,0,2.3669471740722656,3.9201338291168213,4.191258907318115,3.9301061630249023,2.7536520957946777,2.167384624481201,4.058279991149902,3.596865653991699,2.8980417251586914,3.4261224269866943,6.118472099304199,5.614398956298828,4.919887542724609,5.921300888061523,6.054112434387207,3.117588520050049],[1.5950862169265747,2.3669471740722656,0,2.28932785987854,3.2607407569885254,2.6502513885498047,1.6687660217285156,1.1375497579574585,3.057504415512085,2.9714746475219727,2.0129456520080566,2.421201705932617,5.209081172943115,4.653100490570068,4.283315658569336,4.922393798828125,5.171324729919434,2.036078929901123],[2.669552803039551,3.9201338291168213,2.28932785987854,0,2.0844807624816895,1.8846428394317627,1.1506948471069336,1.9847700595855713,3.8612093925476074,4.172928810119629,2.7587389945983887,3.4483399391174316,6.511555194854736,5.872622013092041,5.176808834075928,5.6509575843811035,5.893070220947266,2.998276948928833],[2.9146087169647217,4.191258907318115,3.2607407569885254,2.0844807624816895,0,1.2034389972686768,1.3260395526885986,2.4609391689300537,4.217405796051025,4.493135452270508,2.8692259788513184,3.6935906410217285,6.152143955230713,5.649509429931641,4.960751056671143,5.10966682434082,4.684901714324951,3.39990234375],[2.8258039951324463,3.9301061630249023,2.6502513885498047,1.8846428394317627,1.2034389972686768,0,1.4142100811004639,2.1542181968688965,3.819361448287964,4.322957515716553,2.917898654937744,3.3828983306884766,6.118505001068115,5.819638252258301,5.600979328155518,5.608884811401367,5.588746547698975,3.2974889278411865],[1.6168397665023804,2.7536520957946777,1.6687660217285156,1.1506948471069336,1.3260395526885986,1.4142100811004639,0,1.013379454612732,2.840078353881836,2.8668179512023926,1.8343818187713623,2.4112908840179443,4.809427738189697,4.2727179527282715,3.8726744651794434,4.741800785064697,4.59365177154541,2.0510518550872803],[1.1218721866607666,2.167384624481201,1.1375497579574585,1.9847700595855713,2.4609391689300537,2.1542181968688965,1.013379454612732,0,1.9242284297943115,1.7678372859954834,1.0299087762832642,1.5238994359970093,3.820535182952881,3.3207449913024902,2.9716145992279053,3.8317127227783203,4.091369152069092,0.9049270153045654],[3.1599111557006836,4.058279991149902,3.057504415512085,3.8612093925476074,4.217405796051025,3.819361448287964,2.840078353881836,1.9242284297943115,0,1.746543288230896,1.4488400220870972,2.1221506595611572,4.918604850769043,3.979553699493408,4.144445896148682,4.205942153930664,4.738271713256836,2.9871878623962402],[3.067471981048584,3.596865653991699,2.9714746475219727,4.172928810119629,4.493135452270508,4.322957515716553,2.8668179512023926,1.7678372859954834,1.746543288230896,0,1.5762667655944824,2.134800672531128,3.8162994384765625,3.4181697368621826,3.557089328765869,4.238447189331055,4.6006550788879395,2.7870049476623535],[2.097734212875366,2.8980417251586914,2.0129456520080566,2.7587389945983887,2.8692259788513184,2.917898654937744,1.8343818187713623,1.0299087762832642,1.4488400220870972,1.5762667655944824,0,0.8843522667884827,3.0871548652648926,2.358492851257324,2.1418631076812744,2.4075822830200195,3.017726182937622,1.7574070692062378],[2.367141008377075,3.4261224269866943,2.421201705932617,3.4483399391174316,3.6935906410217285,3.3828983306884766,2.4112908840179443,1.5238994359970093,2.1221506595611572,2.134800672531128,0.8843522667884827,0,2.7663414478302,1.617422342300415,1.7283998727798462,2.285508632659912,3.128060817718506,2.3502376079559326],[5.200662136077881,6.118472099304199,5.209081172943115,6.511555194854736,6.152143955230713,6.118505001068115,4.809427738189697,3.820535182952881,4.918604850769043,3.8162994384765625,3.0871548652648926,2.7663414478302,0,2.0192127227783203,2.70453143119812,3.838042736053467,4.549691200256348,4.7139363288879395],[4.393687725067139,5.614398956298828,4.653100490570068,5.872622013092041,5.649509429931641,5.819638252258301,4.2727179527282715,3.3207449913024902,3.979553699493408,3.4181697368621826,2.358492851257324,1.617422342300415,2.0192127227783203,0,1.286599040031433,2.6267592906951904,3.050590991973877,3.9636900424957275],[4.077775478363037,4.919887542724609,4.283315658569336,5.176808834075928,4.960751056671143,5.600979328155518,3.8726744651794434,2.9716145992279053,4.144445896148682,3.557089328765869,2.1418631076812744,1.7283998727798462,2.70453143119812,1.286599040031433,0,1.462869644165039,2.274043321609497,3.470113754272461],[4.911844730377197,5.921300888061523,4.922393798828125,5.6509575843811035,5.10966682434082,5.608884811401367,4.741800785064697,3.8317127227783203,4.205942153930664,4.238447189331055,2.4075822830200195,2.285508632659912,3.838042736053467,2.6267592906951904,1.462869644165039,0,1.0875310897827148,4.1423163414001465],[4.799532890319824,6.054112434387207,5.171324729919434,5.893070220947266,4.684901714324951,5.588746547698975,4.59365177154541,4.091369152069092,4.738271713256836,4.6006550788879395,3.017726182937622,3.128060817718506,4.549691200256348,3.050590991973877,2.274043321609497,1.0875310897827148,0,4.333580017089844],[1.915884256362915,3.117588520050049,2.036078929901123,2.998276948928833,3.39990234375,3.2974889278411865,2.0510518550872803,0.9049270153045654,2.9871878623962402,2.7870049476623535,1.7574070692062378,2.3502376079559326,4.7139363288879395,3.9636900424957275,3.470113754272461,4.1423163414001465,4.333580017089844,0]],"distance_actual":[[0,1,3,4,4,4,3,2,4,4,3,4,5,4,3,5,4,3],[1,0,2,3,3,3,2,1,3,3,2,3,4,3,2,4,3,2],[3,2,0,3,3,3,2,1,3,3,2,3,4,3,2,4,3,2],[4,3,3,0,2,2,1,2,4,4,3,4,5,4,3,5,4,3],[4,3,3,2,0,2,1,2,4,4,3,4,5,4,3,5,4,3],[4,3,3,2,2,0,1,2,4,4,3,4,5,4,3,5,4,3],[3,2,2,1,1,1,0,1,3,3,2,3,4,3,2,4,3,2],[2,1,1,2,2,2,1,0,2,2,1,2,3,2,1,3,2,1],[4,3,3,4,4,4,3,2,0,2,1,4,5,4,3,5,4,3],[4,3,3,4,4,4,3,2,2,0,1,4,5,4,3,5,4,3],[3,2,2,3,3,3,2,1,1,1,0,3,4,3,2,4,3,2],[4,3,3,4,4,4,3,2,4,4,3,0,3,2,1,3,2,3],[5,4,4,5,5,5,4,3,5,5,4,3,0,1,2,4,3,4],[4,3,3,4,4,4,3,2,4,4,3,2,1,0,1,3,2,3],[3,2,2,3,3,3,2,1,3,3,2,1,2,1,0,2,1,2],[5,4,4,5,5,5,4,3,5,5,4,3,4,3,2,0,1,4],[4,3,3,4,4,4,3,2,4,4,3,2,3,2,1,1,0,3],[3,2,2,3,3,3,2,1,3,3,2,3,4,3,2,4,3,0]],"pca_projection":[[-0.6030958294868469,-0.3187749683856964],[-0.6522209644317627,-0.6015012860298157],[-0.6238781809806824,-0.28508976101875305],[-0.9318200945854187,0.4648602306842804],[-0.7488909363746643,0.9117629528045654],[-0.9120703339576721,0.6509019732475281],[-0.698999285697937,0.24562345445156097],[-0.38044458627700806,-0.27679041028022766],[-0.062039848417043686,-0.5008823275566101],[0.09762845933437347,-0.712336003780365],[0.13684174418449402,-0.18151509761810303],[0.39038988947868347,-0.20226025581359863],[1.0199270248413086,-0.3134254217147827],[1.1123872995376587,-0.15212374925613403],[1.0345615148544312,0.13633301854133606],[1.1135249137878418,0.5826640725135803],[0.9885355830192566,0.7958351373672485],[-0.280337393283844,-0.24328143894672394]],"canonical_pca_projection":[[-0.3110614808225159,0.2778876761509025],[-0.2640270191826389,0.2118429562506863],[-0.20861371590525865,0.12520795993110018],[-0.6636016937241198,-0.7239341962956497],[-0.6636016937241197,-0.7239341962956498],[-0.6636016937241197,-0.7239341962956497],[-0.5632609240309616,-0.5518789548297771],[-0.1770700037350701,0.09545016441649676],[-0.42357386821795034,0.902024261637427],[-0.42357386821795034,0.9020242616374267],[-0.35952682258674007,0.6876428952946766],[0.669651873924713,-0.06297402625942405],[0.9985101057937785,-0.13976512215937814],[0.8475290677565298,-0.1065475701157144],[0.5683962787513743,-0.04800718072348176],[0.9985101057937785,-0.13976512215937842],[0.84752906775653,-0.10654757011571395],[-0.20861371590525926,0.12520795993110034]],"random_unit_pca_projection":[[-0.19732766184256575,-0.7606890698185448],[-0.3082601626474029,-0.5178398830757371],[-0.3872151554600422,-0.31056306615522955],[-0.17615142756102872,1.0705305569272476],[-0.1614727520863048,0.95563427416798],[-0.09028697649764203,0.7620299661992148],[-0.20758552212306142,0.6791236692967892],[-0.21670245768293858,-0.0930515125321335],[-0.8389769372471783,-0.31865673324457877],[-0.8104425977966798,-0.3088885679658091],[-0.7016286506541534,-0.2441041589628594],[0.6786838821391044,-0.010419122000807505],[0.6392465343855434,-0.2323821226767118],[0.5232665245479265,-0.19865544004874908],[0.5646176603183135,-0.06302974995450582],[1.1070746968487881,-0.15315224861590093],[0.9511945677937486,-0.1636638308629749],[-0.36803356443442664,-0.09222296067668859]],"sentence_tokens":["In","July",",","the","Environmental","Protection","Agency","imposed","a","gradual","ban","on","virtually","all","uses","of","asbestos","."],"text":"In July , the Environmental Protection Agency imposed a gradual ban on virtually all uses of asbestos .","edges":[[0,1],[1,7],[2,7],[3,6],[4,6],[5,6],[6,7],[7,7],[8,10],[9,10],[10,7],[11,14],[12,13],[13,14],[14,7],[15,16],[16,14],[17,7]],"sentenceIndex":24,"place":"a2"},{"distance_predictions":[[0,1.2356263399124146,2.5856642723083496,2.606015920639038,1.6976697444915771,3.9906609058380127,4.901630878448486,5.248866558074951,5.506139755249023,5.261910915374756,3.7555606365203857,3.535468101501465,3.361078977584839,4.106069564819336,2.943516492843628,2.2913870811462402],[1.2356263399124146,0,1.6834347248077393,1.8091415166854858,1.0641117095947266,2.2792952060699463,3.2045257091522217,3.9539501667022705,4.410325527191162,4.273476600646973,3.059887409210205,2.6724021434783936,2.2214341163635254,2.708845853805542,1.6258984804153442,1.5109509229660034],[2.5856642723083496,1.6834347248077393,0,1.3545700311660767,0.867959201335907,1.8190109729766846,2.601444721221924,3.2704403400421143,3.9487037658691406,4.315761089324951,2.910189628601074,2.5639395713806152,1.7924180030822754,2.8012070655822754,2.2153756618499756,2.716740608215332],[2.606015920639038,1.8091415166854858,1.3545700311660767,0,1.1390477418899536,2.6587491035461426,3.3746063709259033,4.506922721862793,4.383534908294678,5.146749973297119,3.551072835922241,3.48506236076355,2.623656988143921,3.5683374404907227,2.778916358947754,2.5981674194335938],[1.6976697444915771,1.0641117095947266,0.867959201335907,1.1390477418899536,0,1.7883400917053223,2.4867541790008545,3.243297576904297,3.5004849433898926,3.84731125831604,2.720243453979492,2.305586576461792,1.7257534265518188,2.6846930980682373,2.109213352203369,1.5809040069580078],[3.9906609058380127,2.2792952060699463,1.8190109729766846,2.6587491035461426,1.7883400917053223,0,1.809589147567749,2.8401870727539062,3.3460566997528076,3.61602520942688,3.0881361961364746,2.3775274753570557,1.989457130432129,2.8525102138519287,2.432058095932007,3.6345443725585938],[4.901630878448486,3.2045257091522217,2.601444721221924,3.3746063709259033,2.4867541790008545,1.809589147567749,0,2.085236072540283,2.699748992919922,3.3632278442382812,2.5825793743133545,1.9248385429382324,2.9731435775756836,3.0773160457611084,3.0667407512664795,4.438951015472412],[5.248866558074951,3.9539501667022705,3.2704403400421143,4.506922721862793,3.243297576904297,2.8401870727539062,2.085236072540283,0,2.3651654720306396,2.451535224914551,2.3929672241210938,1.4650760889053345,3.4890642166137695,4.096043586730957,3.9178736209869385,4.9314656257629395],[5.506139755249023,4.410325527191162,3.9487037658691406,4.383534908294678,3.5004849433898926,3.3460566997528076,2.699748992919922,2.3651654720306396,0,1.2043362855911255,2.723032236099243,1.7530856132507324,3.6309762001037598,4.572767734527588,3.6810142993927,4.502812385559082],[5.261910915374756,4.273476600646973,4.315761089324951,5.146749973297119,3.84731125831604,3.61602520942688,3.3632278442382812,2.451535224914551,1.2043362855911255,0,2.3008639812469482,1.4748350381851196,3.7679479122161865,4.821209907531738,3.3822739124298096,4.645684242248535],[3.7555606365203857,3.059887409210205,2.910189628601074,3.551072835922241,2.720243453979492,3.0881361961364746,2.5825793743133545,2.3929672241210938,2.723032236099243,2.3008639812469482,0,0.8718550205230713,2.7814788818359375,3.7221014499664307,2.6501739025115967,3.6527204513549805],[3.535468101501465,2.6724021434783936,2.5639395713806152,3.48506236076355,2.305586576461792,2.3775274753570557,1.9248385429382324,1.4650760889053345,1.7530856132507324,1.4748350381851196,0.8718550205230713,0,2.6581761837005615,3.261443853378296,2.2950711250305176,3.3973946571350098],[3.361078977584839,2.2214341163635254,1.7924180030822754,2.623656988143921,1.7257534265518188,1.989457130432129,2.9731435775756836,3.4890642166137695,3.6309762001037598,3.7679479122161865,2.7814788818359375,2.6581761837005615,0,2.7587335109710693,2.0328023433685303,3.1072936058044434],[4.106069564819336,2.708845853805542,2.8012070655822754,3.5683374404907227,2.6846930980682373,2.8525102138519287,3.0773160457611084,4.096043586730957,4.572767734527588,4.821209907531738,3.7221014499664307,3.261443853378296,2.7587335109710693,0,1.4052739143371582,3.456444263458252],[2.943516492843628,1.6258984804153442,2.2153756618499756,2.778916358947754,2.109213352203369,2.432058095932007,3.0667407512664795,3.9178736209869385,3.6810142993927,3.3822739124298096,2.6501739025115967,2.2950711250305176,2.0328023433685303,1.4052739143371582,0,2.1117911338806152],[2.2913870811462402,1.5109509229660034,2.716740608215332,2.5981674194335938,1.5809040069580078,3.6345443725585938,4.438951015472412,4.9314656257629395,4.502812385559082,4.645684242248535,3.6527204513549805,3.3973946571350098,3.1072936058044434,3.456444263458252,2.1117911338806152,0]],"distance_actual":[[0,1,3,3,2,3,4,4,4,4,4,3,3,4,3,2],[1,0,2,2,1,2,3,3,3,3,3,2,2,3,2,1],[3,2,0,2,1,2,3,3,3,3,3,2,2,3,2,3],[3,2,2,0,1,2,3,3,3,3,3,2,2,3,2,3],[2,1,1,1,0,1,2,2,2,2,2,1,1,2,1,2],[3,2,2,2,1,0,3,3,3,3,3,2,2,3,2,3],[4,3,3,3,2,3,0,2,2,2,2,1,3,4,3,4],[4,3,3,3,2,3,2,0,2,2,2,1,3,4,3,4],[4,3,3,3,2,3,2,2,0,2,2,1,3,4,3,4],[4,3,3,3,2,3,2,2,2,0,2,1,3,4,3,4],[4,3,3,3,2,3,2,2,2,2,0,1,3,4,3,4],[3,2,2,2,1,2,1,1,1,1,1,0,2,3,2,3],[3,2,2,2,1,2,3,3,3,3,3,2,0,3,2,3],[4,3,3,3,2,3,4,4,4,4,4,3,3,0,1,4],[3,2,2,2,1,2,3,3,3,3,3,2,2,1,0,3],[2,1,3,3,2,3,4,4,4,4,4,3,3,4,3,0]],"pca_projection":[[-0.9022664427757263,0.7099084258079529],[-0.7173433899879456,0.21385514736175537],[-0.4529780447483063,-0.3320874571800232],[-0.6977968811988831,-0.10724697262048721],[-0.5247791409492493,0.00004418682510731742],[0.03581618517637253,-0.6716862320899963],[0.5127648711204529,-0.6745724678039551],[0.9266709089279175,-0.18118752539157867],[1.0405572652816772,0.3020157516002655],[1.0904792547225952,0.5776914954185486],[0.5297887921333313,0.3247148096561432],[0.6631875038146973,0.24884866178035736],[-0.19911618530750275,-0.32366588711738586],[-0.2827865779399872,-0.6290243268013],[-0.29623523354530334,-0.054243654012680054],[-0.7259648442268372,0.5966360569000244]],"canonical_pca_projection":[[0.7690552063214493,-0.7375192866412759],[0.6232263891618813,-0.49948747007811095],[0.26332375018959514,0.20344530027602784],[0.2633237501895948,0.2034453002760277],[0.21339210587520732,0.13778402839732243],[0.26332375018959486,0.2034453002760278],[-0.7323268669241458,-0.11928727120222832],[-0.7323268669241458,-0.11928727120222826],[-0.7323268669241458,-0.11928727120222822],[-0.7323268669241458,-0.11928727120222822],[-0.7323268669241458,-0.11928727120222835],[-0.593462504652235,-0.080787714144624],[0.26332375018959503,0.20344530027602778],[0.4568506439568907,1.0136720240255475],[0.37022228687770625,0.6865128599894468],[0.7690552063214499,-0.737519286641276]],"random_unit_pca_projection":[[-0.40926261676692377,-0.6559261467774814],[-0.6181686917322874,-0.47383885017658056],[-0.43297808247640085,0.3221425434746306],[-0.37616912248160267,0.26946975249281835],[-0.29427543919820576,0.137952638207763],[-0.33586216137121694,0.16673103712119267],[0.6474089679179857,-0.3396265817067232],[0.5483280236877347,-0.3236785659558446],[0.7079842189389141,-0.11032712310885963],[0.6234462163065358,-0.09492819814708184],[0.8190645104198051,0.06697435065372093],[0.5173032287182329,-0.12883392432880525],[-0.28816803302841715,0.07234525075228122],[-0.06889324271809019,1.0709717980505935],[-0.2289156125011951,0.7455165233217822],[-0.8108421637148685,-0.724944503873406]],"sentence_tokens":["He","succeeds","Terrence","D.","Daniels",",","formerly","a","W.R.","Grace","vice","chairman",",","who","resigned","."],"text":"He succeeds Terrence D. Daniels , formerly a W.R. Grace vice chairman , who resigned .","edges":[[0,1],[1,1],[2,4],[3,4],[4,1],[5,4],[6,11],[7,11],[8,11],[9,11],[10,11],[11,4],[12,4],[13,14],[14,4],[15,1]],"sentenceIndex":51,"place":"a3"},{"distance_predictions":[[0,1.304155945777893,2.3637964725494385,3.8373830318450928,3.2658450603485107,2.0571208000183105,2.239264965057373,2.676731824874878,2.594372034072876,5.062767028808594,4.381882190704346,3.3326075077056885,5.442444801330566,3.7439823150634766,3.887413740158081,3.3434157371520996,4.68071174621582,2.99595308303833],[1.304155945777893,0,1.6534777879714966,3.1371774673461914,2.5582072734832764,1.5907492637634277,1.6279314756393433,1.8344295024871826,1.655881404876709,3.837153434753418,3.197883129119873,2.7244503498077393,4.418199062347412,3.2787468433380127,2.934767961502075,2.2826790809631348,3.764465093612671,1.5898208618164062],[2.3637964725494385,1.6534777879714966,0,3.1974472999572754,2.925485372543335,1.684926152229309,2.083486557006836,2.572481393814087,2.302133560180664,4.129552841186523,3.6291251182556152,3.25578236579895,5.353072643280029,4.529099941253662,3.7343099117279053,3.353546380996704,4.679340839385986,2.5432982444763184],[3.8373830318450928,3.1371774673461914,3.1974472999572754,0,1.2652994394302368,1.6359806060791016,3.6119635105133057,4.495193004608154,4.054070949554443,5.71197509765625,5.152243137359619,5.114292621612549,6.630060195922852,5.986573219299316,5.083805084228516,4.8835272789001465,6.078739166259766,4.114664077758789],[3.2658450603485107,2.5582072734832764,2.925485372543335,1.2652994394302368,0,1.1823925971984863,2.886772394180298,3.740593433380127,3.2400057315826416,5.57390022277832,4.988307476043701,4.625032901763916,6.500972747802734,5.707291603088379,4.795219421386719,4.213685989379883,5.4621195793151855,2.9661998748779297],[2.0571208000183105,1.5907492637634277,1.684926152229309,1.6359806060791016,1.1823925971984863,0,1.6869302988052368,2.78912353515625,2.550710916519165,4.710474014282227,3.92287540435791,3.674640655517578,5.496084213256836,4.787330627441406,4.030195713043213,3.7915830612182617,5.081609725952148,2.598982334136963],[2.239264965057373,1.6279314756393433,2.083486557006836,3.6119635105133057,2.886772394180298,1.6869302988052368,0,2.3058671951293945,1.7849764823913574,4.176494598388672,3.6185426712036133,3.0784332752227783,5.298184394836426,4.280585289001465,3.697394371032715,3.529224395751953,4.452832221984863,2.9779012203216553],[2.676731824874878,1.8344295024871826,2.572481393814087,4.495193004608154,3.740593433380127,2.78912353515625,2.3058671951293945,0,1.053009033203125,4.107511043548584,3.3896164894104004,1.9904017448425293,4.737018585205078,3.3743088245391846,2.892012596130371,2.5145068168640137,3.436629295349121,2.2331395149230957],[2.594372034072876,1.655881404876709,2.302133560180664,4.054070949554443,3.2400057315826416,2.550710916519165,1.7849764823913574,1.053009033203125,0,2.755831480026245,2.1611721515655518,1.3975459337234497,3.8633971214294434,2.9691731929779053,1.9977197647094727,2.1631717681884766,3.192469596862793,1.7734602689743042],[5.062767028808594,3.837153434753418,4.129552841186523,5.71197509765625,5.57390022277832,4.710474014282227,4.176494598388672,4.107511043548584,2.755831480026245,0,1.144300937652588,3.7239742279052734,4.999786853790283,4.645755290985107,2.875636100769043,4.0084757804870605,5.40059757232666,3.6570727825164795],[4.381882190704346,3.197883129119873,3.6291251182556152,5.152243137359619,4.988307476043701,3.92287540435791,3.6185426712036133,3.3896164894104004,2.1611721515655518,1.144300937652588,0,2.695249080657959,4.116367340087891,3.6288161277770996,1.9060356616973877,3.5535130500793457,5.281046390533447,3.4241201877593994],[3.3326075077056885,2.7244503498077393,3.25578236579895,5.114292621612549,4.625032901763916,3.674640655517578,3.0784332752227783,1.9904017448425293,1.3975459337234497,3.7239742279052734,2.695249080657959,0,2.3177006244659424,2.151543617248535,1.3480814695358276,2.0408473014831543,2.9243903160095215,2.627683401107788],[5.442444801330566,4.418199062347412,5.353072643280029,6.630060195922852,6.500972747802734,5.496084213256836,5.298184394836426,4.737018585205078,3.8633971214294434,4.999786853790283,4.116367340087891,2.3177006244659424,0,3.0166594982147217,1.5750954151153564,4.56234073638916,6.2424235343933105,4.774801731109619],[3.7439823150634766,3.2787468433380127,4.529099941253662,5.986573219299316,5.707291603088379,4.787330627441406,4.280585289001465,3.3743088245391846,2.9691731929779053,4.645755290985107,3.6288161277770996,2.151543617248535,3.0166594982147217,0,2.053074836730957,2.958029270172119,4.32288932800293,3.8740344047546387],[3.887413740158081,2.934767961502075,3.7343099117279053,5.083805084228516,4.795219421386719,4.030195713043213,3.697394371032715,2.892012596130371,1.9977197647094727,2.875636100769043,1.9060356616973877,1.3480814695358276,1.5750954151153564,2.053074836730957,0,2.7102317810058594,4.0486345291137695,3.0191311836242676],[3.3434157371520996,2.2826790809631348,3.353546380996704,4.8835272789001465,4.213685989379883,3.7915830612182617,3.529224395751953,2.5145068168640137,2.1631717681884766,4.0084757804870605,3.5535130500793457,2.0408473014831543,4.56234073638916,2.958029270172119,2.7102317810058594,0,1.0099387168884277,2.038177967071533],[4.68071174621582,3.764465093612671,4.679340839385986,6.078739166259766,5.4621195793151855,5.081609725952148,4.452832221984863,3.436629295349121,3.192469596862793,5.40059757232666,5.281046390533447,2.9243903160095215,6.2424235343933105,4.32288932800293,4.0486345291137695,1.0099387168884277,0,3.187685966491699],[2.99595308303833,1.5898208618164062,2.5432982444763184,4.114664077758789,2.9661998748779297,2.598982334136963,2.9779012203216553,2.2331395149230957,1.7734602689743042,3.6570727825164795,3.4241201877593994,2.627683401107788,4.774801731109619,3.8740344047546387,3.0191311836242676,2.038177967071533,3.187685966491699,0]],"distance_actual":[[0,1,2,4,3,2,2,3,2,4,3,4,4,4,3,3,4,3],[1,0,1,3,2,1,1,2,1,3,2,3,3,3,2,2,3,2],[2,1,0,4,3,2,2,3,2,4,3,4,4,4,3,3,4,3],[4,3,4,0,1,2,4,5,4,6,5,6,6,6,5,5,6,5],[3,2,3,1,0,1,3,4,3,5,4,5,5,5,4,4,5,4],[2,1,2,2,1,0,2,3,2,4,3,4,4,4,3,3,4,3],[2,1,2,4,3,2,0,3,2,4,3,4,4,4,3,3,4,3],[3,2,3,5,4,3,3,0,1,3,2,3,3,3,2,2,3,2],[2,1,2,4,3,2,2,1,0,2,1,2,2,2,1,1,2,1],[4,3,4,6,5,4,4,3,2,0,1,4,4,4,3,3,4,3],[3,2,3,5,4,3,3,2,1,1,0,3,3,3,2,2,3,2],[4,3,4,6,5,4,4,3,2,4,3,0,2,2,1,3,4,3],[4,3,4,6,5,4,4,3,2,4,3,2,0,2,1,3,4,3],[4,3,4,6,5,4,4,3,2,4,3,2,2,0,1,3,4,3],[3,2,3,5,4,3,3,2,1,3,2,1,1,1,0,2,3,2],[3,2,3,5,4,3,3,2,1,3,2,3,3,3,2,0,1,2],[4,3,4,6,5,4,4,3,2,4,3,4,4,4,3,1,0,3],[3,2,3,5,4,3,3,2,1,3,2,3,3,3,2,2,3,0]],"pca_projection":[[0.5067131519317627,0.15645940601825714],[0.38244321942329407,0.11841028183698654],[0.567743718624115,-0.08478450030088425],[1.1353131532669067,-0.40645378828048706],[1.130635380744934,-0.18382789194583893],[0.9610164165496826,-0.2403959333896637],[0.5059762001037598,-0.038463469594717026],[-0.004366050940006971,0.339236855506897],[-0.14245912432670593,0.06827842444181442],[-0.5384112596511841,-0.7307214736938477],[-0.5574996471405029,-0.7505815625190735],[-0.6761000752449036,0.15681388974189758],[-1.0342981815338135,-0.5939621329307556],[-0.8012304306030273,0.054918669164180756],[-0.841881513595581,-0.3678542673587799],[-0.3482891321182251,0.8623157739639282],[-0.3603247404098511,1.303655743598938],[0.11501987278461456,0.336956650018692]],"canonical_pca_projection":[[0.47712048492472353,-0.1454145991528539],[0.4152798059601928,-0.10690988608462937],[0.4771204849247233,-0.1454145991528544],[1.3653981119416956,0.41640325156120594],[1.1884257350111915,0.3061427425377192],[0.8574187763049574,0.11481789383989699],[0.47712048492472364,-0.14541459915285418],[-0.30584826201672904,-0.2513774798263013],[-0.2662065681870868,-0.18481457769052145],[-0.4239211405604303,-0.6702560769278167],[-0.36897575047974357,-0.49277721253118806],[-0.7219398208962999,0.7280521901649978],[-0.7219398208962999,0.728052190164998],[-0.7219398208962999,0.7280521901649978],[-0.6283675470024167,0.5352693413705103],[-0.36897575047974357,-0.49277721253118806],[-0.4239211405604303,-0.670256076927817],[-0.30584826201672893,-0.25137747982630143]],"random_unit_pca_projection":[[0.3786047541108771,-0.013813261882624255],[0.31600281301895483,-0.0375181901910244],[0.3990249839569994,0.01546361406978498],[1.4068533821105422,-0.1603063628299982],[1.173258261536738,-0.05991151866024614],[0.7868422941708906,-0.1424462460859463],[0.28411322472310957,0.12054035823929428],[-0.4814701063850281,-0.331135138305265],[-0.28984576721814903,-0.18493750681422289],[-0.7433562683765154,-0.514331428896418],[-0.5528306570021669,-0.46051972829643073],[-0.3066346577964655,0.8477751751562096],[-0.3705121678799034,0.804312323391991],[-0.3784759261252824,0.8426289155064842],[-0.2909202204938798,0.6018152239576878],[-0.39802254552237865,-0.5120475167497769],[-0.47292988254952445,-0.5933663754541214],[-0.4597015142788189,-0.22220233615537802]],"sentence_tokens":["Pierre","Vinken",",","61","years","old",",","will","join","the","board","as","a","nonexecutive","director","Nov.","29","."],"text":"Pierre Vinken , 61 years old , will join the board as a nonexecutive director Nov. 29 .","edges":[[0,1],[1,8],[2,1],[3,4],[4,5],[5,1],[6,1],[7,8],[8,8],[9,10],[10,8],[11,14],[12,14],[13,14],[14,8],[15,8],[16,15],[17,8]],"sentenceIndex":0,"place":"a4"},{"distance_predictions":[[0,1.210371732711792,2.1123077869415283,3.9404780864715576,2.820596694946289,1.8480322360992432,2.6235642433166504,2.94284725189209,3.0353150367736816,4.273859977722168,5.811657905578613,5.089966773986816,5.728913307189941,6.030064582824707,2.520738363265991,2.8185887336730957,2.2127833366394043,4.635871887207031,3.884035587310791,3.4978280067443848,5.21032190322876,6.836230754852295,5.781876087188721,6.578519821166992,5.725203037261963,2.835033655166626],[1.210371732711792,0,1.4597049951553345,3.1752357482910156,2.3578975200653076,1.2975889444351196,2.1117281913757324,2.449481964111328,2.3187880516052246,3.4937491416931152,4.660377025604248,4.1517252922058105,4.4462666511535645,4.626184463500977,1.7931466102600098,1.9491150379180908,1.4478237628936768,3.368253707885742,3.275683641433716,2.4205522537231445,3.655121088027954,5.03764009475708,4.501807689666748,5.392712593078613,4.261089324951172,1.9415563344955444],[2.1123077869415283,1.4597049951553345,0,3.703700304031372,3.0621960163116455,2.084124803543091,2.146003484725952,2.3551743030548096,2.383235216140747,3.2113940715789795,4.932426929473877,4.017356872558594,4.590743541717529,4.546217918395996,1.9946253299713135,2.4047915935516357,2.0119638442993164,4.1459245681762695,3.899543046951294,2.9604058265686035,4.480569839477539,5.973304271697998,5.348244667053223,5.959221363067627,5.0818305015563965,2.8018319606781006],[3.9404780864715576,3.1752357482910156,3.703700304031372,0,1.5378613471984863,2.091130018234253,3.6617298126220703,4.1128830909729,4.084789752960205,5.334505081176758,7.45474100112915,6.242280960083008,6.782835960388184,6.53122615814209,4.453799724578857,5.0279035568237305,4.112685680389404,5.813917636871338,5.9301533699035645,5.084062576293945,6.736438274383545,8.09860610961914,7.665205001831055,7.9541802406311035,7.031887531280518,4.4326300621032715],[2.820596694946289,2.3578975200653076,3.0621960163116455,1.5378613471984863,0,1.0503958463668823,2.4499874114990234,3.344651699066162,3.437626361846924,4.943653583526611,7.224415302276611,6.130496978759766,6.446811199188232,6.6806321144104,3.6139440536499023,3.884261131286621,3.204341173171997,4.980900287628174,5.226701259613037,4.466911315917969,6.093471527099609,7.297082424163818,7.13720703125,7.925703525543213,7.056149005889893,3.347959041595459],[1.8480322360992432,1.2975889444351196,2.084124803543091,2.091130018234253,1.0503958463668823,0,1.8743987083435059,2.740903854370117,2.6089975833892822,3.919105052947998,5.875036239624023,4.9971771240234375,5.719004154205322,5.797700881958008,2.5302064418792725,2.756514072418213,2.3833987712860107,4.260118007659912,4.062280178070068,3.4661619663238525,4.953340530395508,6.08430290222168,5.682606220245361,6.7604546546936035,5.7626118659973145,2.6310527324676514],[2.6235642433166504,2.1117281913757324,2.146003484725952,3.6617298126220703,2.4499874114990234,1.8743987083435059,0,1.9648237228393555,2.0332388877868652,2.763097047805786,4.915027618408203,4.250475883483887,4.6157989501953125,4.318671703338623,2.569612503051758,3.51131010055542,3.3393447399139404,4.913208961486816,5.34043025970459,4.201042175292969,5.603330135345459,6.675695419311523,6.0506672859191895,6.8153462409973145,6.028388977050781,3.7344038486480713],[2.94284725189209,2.449481964111328,2.3551743030548096,4.1128830909729,3.344651699066162,2.740903854370117,1.9648237228393555,0,1.1579233407974243,2.0394420623779297,3.8955280780792236,3.303401231765747,3.496703624725342,3.368455171585083,2.640045404434204,3.590855121612549,3.159651041030884,4.5020833015441895,4.661685943603516,3.8421590328216553,5.551173686981201,7.706756591796875,6.583246231079102,6.281054973602295,5.5994343757629395,3.777639865875244],[3.0353150367736816,2.3187880516052246,2.383235216140747,4.084789752960205,3.437626361846924,2.6089975833892822,2.0332388877868652,1.1579233407974243,0,1.0197720527648926,2.6765785217285156,2.670576572418213,2.7619259357452393,2.0865206718444824,2.5084457397460938,3.169262170791626,2.8154196739196777,3.7446773052215576,3.742396116256714,2.9929747581481934,4.744870185852051,6.621337890625,5.8042426109313965,5.698329448699951,4.641645908355713,3.4987893104553223],[4.273859977722168,3.4937491416931152,3.2113940715789795,5.334505081176758,4.943653583526611,3.919105052947998,2.763097047805786,2.0394420623779297,1.0197720527648926,0,1.746038556098938,2.121084213256836,1.9711726903915405,1.22391676902771,3.426274538040161,4.8913726806640625,4.244137763977051,5.505465030670166,5.110104560852051,4.339836597442627,6.062174320220947,7.988518714904785,6.291409492492676,5.955108165740967,4.973362445831299,5.276772499084473],[5.811657905578613,4.660377025604248,4.932426929473877,7.45474100112915,7.224415302276611,5.875036239624023,4.915027618408203,3.8955280780792236,2.6765785217285156,1.746038556098938,0,1.766714096069336,1.4429072141647339,0.9871118664741516,4.54942512512207,6.059031009674072,5.202358245849609,6.116286754608154,5.1408843994140625,5.0535173416137695,6.0604376792907715,7.383745193481445,5.996425151824951,4.920255184173584,4.24869441986084,5.948446750640869],[5.089966773986816,4.1517252922058105,4.017356872558594,6.242280960083008,6.130496978759766,4.9971771240234375,4.250475883483887,3.303401231765747,2.670576572418213,2.121084213256836,1.766714096069336,0,1.6508891582489014,1.7654708623886108,4.384983062744141,5.167157173156738,4.480680465698242,6.481605052947998,5.395212173461914,4.8984551429748535,5.737585067749023,7.606376647949219,5.566774368286133,4.2948737144470215,4.412152290344238,5.280178070068359],[5.728913307189941,4.4462666511535645,4.590743541717529,6.782835960388184,6.446811199188232,5.719004154205322,4.6157989501953125,3.496703624725342,2.7619259357452393,1.9711726903915405,1.4429072141647339,1.6508891582489014,0,0.9902254939079285,4.5323638916015625,5.461851596832275,4.674440860748291,6.170370101928711,5.702815532684326,5.029067039489746,6.030971527099609,7.316351890563965,6.141563415527344,5.362786769866943,4.752995491027832,5.590063095092773],[6.030064582824707,4.626184463500977,4.546217918395996,6.53122615814209,6.6806321144104,5.797700881958008,4.318671703338623,3.368455171585083,2.0865206718444824,1.22391676902771,0.9871118664741516,1.7654708623886108,0.9902254939079285,0,4.501305103302002,5.693586826324463,5.027076721191406,5.981044292449951,5.4352803230285645,4.691999912261963,5.836803913116455,7.18546724319458,6.029872417449951,5.393019199371338,4.3122334480285645,6.02275276184082],[2.520738363265991,1.7931466102600098,1.9946253299713135,4.453799724578857,3.6139440536499023,2.5302064418792725,2.569612503051758,2.640045404434204,2.5084457397460938,3.426274538040161,4.54942512512207,4.384983062744141,4.5323638916015625,4.501305103302002,0,2.5165858268737793,2.2847485542297363,4.047749996185303,3.9321703910827637,3.2355358600616455,4.321923732757568,5.7818474769592285,5.106770038604736,5.447760105133057,4.825272083282471,2.601630926132202],[2.8185887336730957,1.9491150379180908,2.4047915935516357,5.0279035568237305,3.884261131286621,2.756514072418213,3.51131010055542,3.590855121612549,3.169262170791626,4.8913726806640625,6.059031009674072,5.167157173156738,5.461851596832275,5.693586826324463,2.5165858268737793,0,1.195241928100586,3.0424885749816895,3.085871696472168,2.495136260986328,3.3244996070861816,4.925896644592285,4.890858173370361,5.753928184509277,4.699972629547119,2.199561595916748],[2.2127833366394043,1.4478237628936768,2.0119638442993164,4.112685680389404,3.204341173171997,2.3833987712860107,3.3393447399139404,3.159651041030884,2.8154196739196777,4.244137763977051,5.202358245849609,4.480680465698242,4.674440860748291,5.027076721191406,2.2847485542297363,1.195241928100586,0,2.021294355392456,2.0144286155700684,1.184065818786621,1.8952134847640991,3.980254888534546,3.3456382751464844,4.4393744468688965,3.2914702892303467,1.1224714517593384],[4.635871887207031,3.368253707885742,4.1459245681762695,5.813917636871338,4.980900287628174,4.260118007659912,4.913208961486816,4.5020833015441895,3.7446773052215576,5.505465030670166,6.116286754608154,6.481605052947998,6.170370101928711,5.981044292449951,4.047749996185303,3.0424885749816895,2.021294355392456,0,2.56308650970459,1.406722903251648,2.3476667404174805,4.683419704437256,4.582911968231201,5.275503635406494,3.8906900882720947,2.9361534118652344],[3.884035587310791,3.275683641433716,3.899543046951294,5.9301533699035645,5.226701259613037,4.062280178070068,5.34043025970459,4.661685943603516,3.742396116256714,5.110104560852051,5.1408843994140625,5.395212173461914,5.702815532684326,5.4352803230285645,3.9321703910827637,3.085871696472168,2.0144286155700684,2.56308650970459,0,1.6508855819702148,2.3510231971740723,4.410272598266602,3.8827290534973145,4.064040184020996,2.964594841003418,3.4309284687042236],[3.4978280067443848,2.4205522537231445,2.9604058265686035,5.084062576293945,4.466911315917969,3.4661619663238525,4.201042175292969,3.8421590328216553,2.9929747581481934,4.339836597442627,5.0535173416137695,4.8984551429748535,5.029067039489746,4.691999912261963,3.2355358600616455,2.495136260986328,1.184065818786621,1.406722903251648,1.6508855819702148,0,1.0182024240493774,3.370281934738159,2.9518778324127197,3.5701637268066406,2.1603331565856934,2.5419347286224365],[5.21032190322876,3.655121088027954,4.480569839477539,6.736438274383545,6.093471527099609,4.953340530395508,5.603330135345459,5.551173686981201,4.744870185852051,6.062174320220947,6.0604376792907715,5.737585067749023,6.030971527099609,5.836803913116455,4.321923732757568,3.3244996070861816,1.8952134847640991,2.3476667404174805,2.3510231971740723,1.0182024240493774,0,2.078293800354004,1.7396270036697388,2.6067721843719482,1.2819678783416748,3.1963274478912354],[6.836230754852295,5.03764009475708,5.973304271697998,8.09860610961914,7.297082424163818,6.08430290222168,6.675695419311523,7.706756591796875,6.621337890625,7.988518714904785,7.383745193481445,7.606376647949219,7.316351890563965,7.18546724319458,5.7818474769592285,4.925896644592285,3.980254888534546,4.683419704437256,4.410272598266602,3.370281934738159,2.078293800354004,0,2.5269761085510254,4.051941871643066,2.4192874431610107,4.8749680519104],[5.781876087188721,4.501807689666748,5.348244667053223,7.665205001831055,7.13720703125,5.682606220245361,6.0506672859191895,6.583246231079102,5.8042426109313965,6.291409492492676,5.996425151824951,5.566774368286133,6.141563415527344,6.029872417449951,5.106770038604736,4.890858173370361,3.3456382751464844,4.582911968231201,3.8827290534973145,2.9518778324127197,1.7396270036697388,2.5269761085510254,0,1.872217059135437,1.3902597427368164,4.590535640716553],[6.578519821166992,5.392712593078613,5.959221363067627,7.9541802406311035,7.925703525543213,6.7604546546936035,6.8153462409973145,6.281054973602295,5.698329448699951,5.955108165740967,4.920255184173584,4.2948737144470215,5.362786769866943,5.393019199371338,5.447760105133057,5.753928184509277,4.4393744468688965,5.275503635406494,4.064040184020996,3.5701637268066406,2.6067721843719482,4.051941871643066,1.872217059135437,0,1.1242225170135498,5.518855571746826],[5.725203037261963,4.261089324951172,5.0818305015563965,7.031887531280518,7.056149005889893,5.7626118659973145,6.028388977050781,5.5994343757629395,4.641645908355713,4.973362445831299,4.24869441986084,4.412152290344238,4.752995491027832,4.3122334480285645,4.825272083282471,4.699972629547119,3.2914702892303467,3.8906900882720947,2.964594841003418,2.1603331565856934,1.2819678783416748,2.4192874431610107,1.3902597427368164,1.1242225170135498,0,4.588466167449951],[2.835033655166626,1.9415563344955444,2.8018319606781006,4.4326300621032715,3.347959041595459,2.6310527324676514,3.7344038486480713,3.777639865875244,3.4987893104553223,5.276772499084473,5.948446750640869,5.280178070068359,5.590063095092773,6.02275276184082,2.601630926132202,2.199561595916748,1.1224714517593384,2.9361534118652344,3.4309284687042236,2.5419347286224365,3.1963274478912354,4.8749680519104,4.590535640716553,5.518855571746826,4.588466167449951,0]],"distance_actual":[[0,1,2,4,3,2,3,4,3,5,5,5,5,4,2,3,2,4,4,3,5,5,5,5,4,3],[1,0,1,3,2,1,2,3,2,4,4,4,4,3,1,2,1,3,3,2,4,4,4,4,3,2],[2,1,0,4,3,2,3,4,3,5,5,5,5,4,2,3,2,4,4,3,5,5,5,5,4,3],[4,3,4,0,1,2,3,4,3,5,5,5,5,4,4,5,4,6,6,5,7,7,7,7,6,5],[3,2,3,1,0,1,2,3,2,4,4,4,4,3,3,4,3,5,5,4,6,6,6,6,5,4],[2,1,2,2,1,0,1,2,1,3,3,3,3,2,2,3,2,4,4,3,5,5,5,5,4,3],[3,2,3,3,2,1,0,3,2,4,4,4,4,3,3,4,3,5,5,4,6,6,6,6,5,4],[4,3,4,4,3,2,3,0,1,3,3,3,3,2,4,5,4,6,6,5,7,7,7,7,6,5],[3,2,3,3,2,1,2,1,0,2,2,2,2,1,3,4,3,5,5,4,6,6,6,6,5,4],[5,4,5,5,4,3,4,3,2,0,2,2,2,1,5,6,5,7,7,6,8,8,8,8,7,6],[5,4,5,5,4,3,4,3,2,2,0,2,2,1,5,6,5,7,7,6,8,8,8,8,7,6],[5,4,5,5,4,3,4,3,2,2,2,0,2,1,5,6,5,7,7,6,8,8,8,8,7,6],[5,4,5,5,4,3,4,3,2,2,2,2,0,1,5,6,5,7,7,6,8,8,8,8,7,6],[4,3,4,4,3,2,3,2,1,1,1,1,1,0,4,5,4,6,6,5,7,7,7,7,6,5],[2,1,2,4,3,2,3,4,3,5,5,5,5,4,0,3,2,4,4,3,5,5,5,5,4,3],[3,2,3,5,4,3,4,5,4,6,6,6,6,5,3,0,1,3,3,2,4,4,4,4,3,2],[2,1,2,4,3,2,3,4,3,5,5,5,5,4,2,1,0,2,2,1,3,3,3,3,2,1],[4,3,4,6,5,4,5,6,5,7,7,7,7,6,4,3,2,0,2,1,3,3,3,3,2,3],[4,3,4,6,5,4,5,6,5,7,7,7,7,6,4,3,2,2,0,1,3,3,3,3,2,3],[3,2,3,5,4,3,4,5,4,6,6,6,6,5,3,2,1,1,1,0,2,2,2,2,1,2],[5,4,5,7,6,5,6,7,6,8,8,8,8,7,5,4,3,3,3,2,0,2,2,2,1,4],[5,4,5,7,6,5,6,7,6,8,8,8,8,7,5,4,3,3,3,2,2,0,2,2,1,4],[5,4,5,7,6,5,6,7,6,8,8,8,8,7,5,4,3,3,3,2,2,2,0,2,1,4],[5,4,5,7,6,5,6,7,6,8,8,8,8,7,5,4,3,3,3,2,2,2,2,0,1,4],[4,3,4,6,5,4,5,6,5,7,7,7,7,6,4,3,2,2,2,1,1,1,1,1,0,3],[3,2,3,5,4,3,4,5,4,6,6,6,6,5,3,2,1,3,3,2,4,4,4,4,3,0]],"pca_projection":[[-0.5215638875961304,-0.6662997603416443],[-0.31932830810546875,-0.5205591917037964],[-0.48618292808532715,-0.37355923652648926],[-0.7905614376068115,-0.7541874647140503],[-0.8041906952857971,-0.9309133291244507],[-0.6307216882705688,-0.7870123982429504],[-0.8148863315582275,-0.24604003131389618],[-0.8397505879402161,0.1173585057258606],[-0.6705866456031799,0.3241015672683716],[-0.7865914702415466,0.8985481262207031],[-0.3071298897266388,1.4017783403396606],[-0.3989436626434326,1.1367347240447998],[-0.42504623532295227,1.2748457193374634],[-0.4196966886520386,1.3648858070373535],[-